2.956446229703025841e-01
5.368987662820788875e-01
5.290665009859552015e-01
3.376539069346012334e-01
3.438525450393563054e-01
2.308343703252513091e-01
7.831323877201422021e-03
5.028602242797428623e-01
3.298931951653147343e-01
2.439992591311185566e-01
3.683938697880422830e-01
3.485974063444041149e-01
1.829032787861492038e-01
4.306764052845023505e-01
1.660748898989137246e-01
3.014882586174875700e-01
4.143687581313756918e-01
5.537620143592157929e-01
5.668168329116592963e-01
3.218369245185025429e-01
2.929272283053028225e-01
2.734566950489363824e-01
5.167021923812065154e-01
5.475894719567585556e-01
3.551271270651600309e-01
4.475853275763406747e-01
2.263823738470881197e-01
2.502221295600263185e-01
2.438100171959373674e-01
3.879017482787114335e-01
2.526330847702190630e-01
3.784333155613234245e-01
2.782746407417899248e-01
4.164699160665575328e-01
4.875579696316429956e-01
5.032777702060924341e-01
3.021660678936425870e-01
7.076026677615909755e-01
4.322550803218408455e-01
3.145246522723463278e-01
4.293477931796066405e-01
6.765451231342385352e-01
3.841767441864809562e-01
3.533493273086966147e-01
1.152171112276330622e-01
2.866243633507117305e-01
4.712856860968165917e-01
3.253869591231696723e-01
3.095705366644193601e-01
5.340743914619385802e-01
6.653594254771769689e-01
4.573711217805536133e-01
5.959356625077942837e-01
6.166500501152915037e-01
5.722244511781658938e-01
7.894620223481489951e-01
5.065743444328336675e-01
4.902773163499446474e-01
6.091320279431237106e-01
6.546225992598130317e-01
6.903289376816752476e-01
6.154090785406627351e-01
4.092748903437037900e-01
7.666884316367956753e-01
6.772410407164944912e-01
7.003859767519410306e-01
6.699343435335388675e-01
6.239635897402066034e-01
5.538824193077394042e-01
6.790224002955228544e-01
8.134204846704130576e-01
5.124229884961490900e-01
6.236802007287507443e-01
5.902072964473994432e-01
6.697509484142005753e-01
6.949879820024597032e-01
7.598956962445099217e-01
6.309502606410950509e-01
7.810672120985532318e-01
4.831358584407211554e-01
3.958653488391885578e-01
8.445056837161520891e-01
6.516582814315553529e-01
7.579878557822655738e-01
6.128647535894444776e-01
7.008846627134217577e-01
7.015710780447498296e-01
6.287912161760782492e-01
6.536844587053761702e-01
7.010489067423411047e-01
4.797644321997087680e-01
5.808942389837971065e-01
5.666201490039235455e-01
5.873267089361963178e-01
6.466379383661413627e-01
6.490403694722763905e-01
6.788398755096285431e-01
6.426260815188056252e-01
7.185226596671892008e-01
5.682759745901467818e-01
