0.000000000000000000e+00
0.000000000000000000e+00
1.599598662831557145e-226
4.558153410623313314e-128
0.000000000000000000e+00
0.000000000000000000e+00
0.000000000000000000e+00
4.131581865130977849e-180
4.886698230062582599e-19
0.000000000000000000e+00
0.000000000000000000e+00
3.294602012693156055e-109
0.000000000000000000e+00
0.000000000000000000e+00
0.000000000000000000e+00
1.526342328935897004e-226
0.000000000000000000e+00
0.000000000000000000e+00
0.000000000000000000e+00
0.000000000000000000e+00
0.000000000000000000e+00
2.591991174161452522e-184
1.518650727092403197e-203
0.000000000000000000e+00
0.000000000000000000e+00
0.000000000000000000e+00
0.000000000000000000e+00
4.206158917417945500e-158
6.712681513578759113e-135
0.000000000000000000e+00
1.216955522553569702e-272
6.733971507409581859e-147
6.898139969048537352e-130
0.000000000000000000e+00
0.000000000000000000e+00
0.000000000000000000e+00
5.003061462078232224e-306
7.440705254011032591e-245
1.168745894962604882e-107
2.111592735534845043e-95
0.000000000000000000e+00
6.624792136988240434e-267
7.257471445617565132e-121
3.724375050607228822e-280
0.000000000000000000e+00
1.609191281907007781e-126
2.920997549475909597e-238
0.000000000000000000e+00
1.631750248030462076e-270
1.577119745408867119e-280
0.000000000000000000e+00
9.243115487237902597e-26
0.000000000000000000e+00
6.972188176972112482e-27
4.253678631936504099e-218
4.592345219833453262e-131
1.478114243724468257e-186
4.815036597191869874e-154
1.092194867617258538e-110
7.941037252150176560e-270
3.391682188310522694e-145
3.440812310378253733e-192
1.045377568096371725e-42
1.048173890523735095e-133
4.470888006748749027e-286
8.316099921608376406e-67
9.563149524177261008e-157
0.000000000000000000e+00
1.821705685188492184e-53
8.725342199259736991e-255
8.847571309578438211e-238
1.446914426801959340e-49
2.433926115080117195e-99
2.124023648427006197e-51
4.851737550891489559e-143
0.000000000000000000e+00
8.458431931710809996e-53
2.273124834503461897e-45
7.717375989665243260e-279
2.584288402556777402e-39
2.885157991346855809e-37
0.000000000000000000e+00
3.851367728586673894e-308
5.977044602770815161e-190
4.155191038287764004e-66
9.442545378441384896e-171
2.949793223486384980e-127
1.940375933331342283e-103
4.074504386381737974e-129
0.000000000000000000e+00
2.653419854280858566e-34
8.553972046163649497e-150
2.515121973569255389e-149
6.115859363171018601e-185
2.714118154121902336e-172
2.372024457297802663e-52
5.039417787677239220e-31
4.975464237893360655e-123
0.000000000000000000e+00
5.378325598070298310e-58
