1.345261018606094252e-03
2.809525852807132629e-01
3.191758482044668860e-02
2.334369858953828578e-02
7.163057820946747666e-03
1.008327040021775450e-01
2.218959904519079637e-02
1.790954556504377069e-03
2.410848377803979231e-02
5.553494668204152912e-02
1.070115241975564974e-03
1.035103648725129305e-01
1.586099342664368597e-02
8.475854782878565474e-03
3.900595463550891547e-04
5.536190810645957860e-01
2.309648971230010284e-01
1.434390480918489507e-04
3.232767431413108988e-02
2.743299401438959936e-02
4.316281919368773756e-02
7.125340333806979643e-04
4.442498786903550587e-03
1.166470527369565559e-02
1.968294486068179749e-01
2.117654527942104403e-01
3.084605086318479295e-01
4.996352672026272423e-01
8.838479857912956428e-02
1.806159738101940915e-02
5.817443891608566758e-02
9.322244481141698236e-01
9.088465402390841774e-01
1.184552661931459611e-01
2.211412083149060306e-02
1.863738778993907124e-03
9.106357404182611678e-03
5.948833111052922659e-03
7.974686856481926975e-03
1.828373357752418882e-01
2.899327587866289482e-02
1.527045938783274520e-03
8.218927310945671472e-02
5.864564338809946653e-02
3.938580547510017911e-03
2.705464203533890499e-01
1.777602042774644175e-01
1.380299997171557241e-02
2.354079522815681125e-04
1.829586177426337223e-02
9.849039847561155137e-01
9.892535599316478745e-01
9.967745810240553617e-01
5.915429727123037162e-01
7.369979919947988733e-01
4.911358668634465685e-01
6.550490414512168125e-02
5.648508785963782808e-01
9.937047096725366568e-01
9.990880164674728059e-01
7.680310066132599589e-01
9.985995496920915260e-01
9.458781673637176590e-01
8.735717244294597394e-01
2.200671162999899011e-01
9.946606101594505089e-01
9.215890447583151568e-01
9.977110308239248715e-01
9.945679489669071449e-01
4.131849858129556519e-01
9.898966098267091285e-01
9.967219161214702083e-01
9.998249371625789195e-01
9.881765113239272535e-01
7.612642316321769353e-01
7.598659282980507745e-01
9.959116403489887137e-01
9.904456888639011636e-01
9.608702972441259815e-01
9.297029113399565281e-01
2.295480358749370509e-01
9.664733397141835880e-01
6.908506232179340012e-01
8.981950981439293935e-01
9.992210500280838126e-01
9.942491947615279546e-01
9.442409806595569721e-01
9.945723991740106351e-01
9.905588901508273203e-01
7.281471308049174418e-01
9.398187477668863421e-01
9.429751568374846737e-01
4.354567969794373439e-01
9.994614705987161507e-01
9.435173125299960439e-01
8.902726175446855628e-01
9.869587545513984761e-01
9.954498464177435890e-01
9.996325110530533964e-01
9.369800885471961660e-01
