9.960261674420988198e-01
9.993751843044754724e-01
9.980622964248726525e-01
9.978213079714222111e-01
9.999963578927415497e-01
9.999979640009293291e-01
9.995807974033085186e-01
7.462362825387246490e-01
9.992627919883245724e-01
9.993035955311510010e-01
9.948833221378572400e-01
9.988927380540212342e-01
9.999837115451782887e-01
9.944773906828465737e-01
9.999332075605628090e-01
9.978910277188309808e-01
9.998523845679402333e-01
9.846759677762800811e-01
9.995391606462685763e-01
9.941708832769055038e-01
9.987580614372620902e-01
9.961568841521095674e-01
9.952958433680477723e-01
9.856084174438765055e-01
9.997242382116378057e-01
9.997376337087862108e-01
9.999297442521796198e-01
9.994168957037445900e-01
9.983421361293991492e-01
9.972725076101497388e-01
9.998600181163352918e-01
9.999954899031089361e-01
9.996505502541129795e-01
9.994999258884248450e-01
9.949957369173869637e-01
9.985245030227934970e-01
9.995570461579276200e-01
9.990684737159631901e-01
9.953348227478429067e-01
9.855830560550110642e-01
9.993285305184435030e-01
9.811113115845883081e-01
9.994910417858523521e-01
9.997450585486205021e-01
9.918249760568155216e-01
9.997757640491095055e-01
9.997787069419913353e-01
9.824041478132037319e-01
9.862250564046423085e-01
9.983789477019746617e-01
9.999969014439015202e-01
9.999738610791826243e-01
9.999895973934450621e-01
9.999449670550650815e-01
9.996664026295947192e-01
9.999222949093782287e-01
9.998949411621588235e-01
9.997135554253949730e-01
9.999634329983918546e-01
9.999995641146780523e-01
9.999769842114840657e-01
9.999289914794743384e-01
9.999989263553407115e-01
9.998719169623943026e-01
9.985324948986726845e-01
9.999996807750624050e-01
9.999961294650336896e-01
9.999931427801823647e-01
9.999965770429672940e-01
9.983803094227248209e-01
9.999468376216260612e-01
9.999245593468375493e-01
9.999570425865370593e-01
9.999997048611072303e-01
9.976147391356565697e-01
9.999552837380442094e-01
9.999920531300754423e-01
9.999731570465971719e-01
9.935739896149367034e-01
9.999491483313195372e-01
9.996960322469814475e-01
9.999905284801536842e-01
9.999711924884004954e-01
9.999969153813458300e-01
9.999937172631597759e-01
9.999989338053251187e-01
9.999998995426958581e-01
9.998583129861132734e-01
9.999996291550820038e-01
9.999752090318959619e-01
9.999415594622116377e-01
9.997386071684453146e-01
9.993196990364789922e-01
9.999978649962041333e-01
9.984653336212123698e-01
9.999947205629149405e-01
9.999939383716264230e-01
9.999726858931156093e-01
9.999974028295179895e-01
9.999989534027275973e-01
