2.308008425857313306e-01
4.611943970969672457e-01
3.519929277999938044e-01
3.385714589987234846e-01
2.809244416735216521e-01
3.940339597416294137e-01
3.337585226622805101e-01
2.463458948197407572e-01
3.382102389395830744e-01
3.753500447902587411e-01
2.235906579318959475e-01
4.062087309544529234e-01
3.146125802787054226e-01
2.982873841151809091e-01
1.876811147029919247e-01
5.173599550040446360e-01
4.464143409702447385e-01
1.661269137412491326e-01
3.502022998316666191e-01
3.471562809836831187e-01
3.647525331855401287e-01
2.102966236676892531e-01
2.732227766976047523e-01
3.125706536527086410e-01
4.381307332347626482e-01
4.422830845288548973e-01
4.634532026751628231e-01
5.049091283994751045e-01
3.990403158219769097e-01
3.280343501200254641e-01
3.748077664195805792e-01
6.167458105222775044e-01
6.098725328870387985e-01
4.116910984059945489e-01
3.375931680111411426e-01
2.405257825029447905e-01
2.973230392300470482e-01
2.819022487878071748e-01
2.956309209535471494e-01
4.409610336445465295e-01
3.460450777603366612e-01
2.370859413731290499e-01
3.934501229147723822e-01
3.761941690118558168e-01
2.695370103724136768e-01
4.569426980244093994e-01
4.319732273173310100e-01
3.197888883103702784e-01
1.792648279145040713e-01
3.277503447013015436e-01
6.823344752424819193e-01
6.993692951127229440e-01
7.435344866396280672e-01
5.180636055138260199e-01
5.520152514970272373e-01
4.996969089721237101e-01
3.798875381780857374e-01
5.159053676881780737e-01
7.206465994993012103e-01
7.822050993941505048e-01
5.549852520396834077e-01
7.746503713746273334e-01
6.248739266942519022e-01
5.916778100587793965e-01
4.476074475046465939e-01
7.200325573631370935e-01
6.095024776918799292e-01
7.550654025163726635e-01
7.228071001942349971e-01
4.903953747802720087e-01
7.028843723493095608e-01
7.456630427453166954e-01
8.348904965679969647e-01
6.886887552776111976e-01
5.614757345337162420e-01
5.540697630422717346e-01
7.345705334357131022e-01
7.040641845381319097e-01
6.539595086644891531e-01
6.191207312919242423e-01
4.473273873437527692e-01
6.501330149154027627e-01
5.371424216939056917e-01
5.962570954007206936e-01
7.903900837829773707e-01
7.189607669716536753e-01
6.194850542490738521e-01
7.281650810832592802e-01
6.980892900642952092e-01
5.452953242126306055e-01
6.266641386890448029e-01
6.316752721434899520e-01
4.931032547259424081e-01
8.003804875107322081e-01
6.350707014598172551e-01
5.934063520166564798e-01
6.893593123529505595e-01
7.323707387539764024e-01
8.117866556968688085e-01
6.177093594457129244e-01
