3.847023724564446051e-02
4.586181428539324867e-01
6.485165598729064618e-01
1.269728480925589875e-01
1.515582113951041525e-02
3.052272107209515976e-03
4.909347258829558881e-15
5.881722691107265089e-01
1.437158667045888294e-01
2.221437300205118728e-03
4.825235030461081341e-03
1.530221444505160122e-01
4.410434356262031997e-04
2.507951578743060073e-01
6.871210149707465457e-06
5.985652172788911984e-02
1.561910766185529709e-01
6.519506697087368297e-01
2.461539570642039820e-01
3.054997756098329006e-02
1.039273186291726769e-02
4.176900749592810796e-02
6.210880032495416092e-01
5.630850877019302203e-01
9.785563364494062610e-02
1.862427798954133518e-01
9.089878452428787163e-04
2.953370124563923019e-02
2.773450770660658773e-02
1.667504026130311456e-01
2.350720229298266031e-02
2.060245444910443757e-01
5.140496735528736483e-02
1.509710413653083116e-01
7.692797356350375426e-02
3.506078998286230042e-01
5.036792528327341256e-02
9.633268147294772321e-01
3.854230655163828345e-01
9.807505629589972906e-02
1.784282111595658915e-01
9.371051879102081372e-01
2.315012776054720112e-01
1.135661930608830444e-01
1.191976861888038453e-06
5.941055646764455828e-02
4.426530144107577724e-01
7.138186779963875961e-02
6.138028084876717000e-02
6.344876439933639922e-01
8.145975723731955220e-01
5.227970612519974303e-01
6.070236453599945348e-01
9.139567220113276047e-01
7.768343758969703527e-01
9.938622845733317002e-01
5.969980577429057078e-01
5.604222511841699950e-01
8.856354197998231870e-01
9.127348867817550726e-01
9.616746502781312600e-01
8.744716876055912413e-01
3.452494415354945834e-01
9.902068678996915896e-01
9.349750830406551305e-01
9.729050662057869836e-01
9.460575050311043066e-01
7.606314139881410474e-01
8.000558167860751801e-01
9.410787813010046410e-01
9.953075884702342613e-01
6.920281683081486168e-01
9.081418265093968989e-01
8.714818190728793601e-01
9.475942470223713832e-01
9.375424731197010697e-01
9.908185412779371148e-01
9.263747636071610891e-01
9.895570191815978855e-01
6.040183144683946015e-01
3.051399884504760740e-01
9.946710424822889918e-01
9.009613362722928009e-01
9.867441368237225285e-01
9.012301276875319678e-01
9.656321404095663530e-01
9.693302021129858170e-01
9.135680378546328084e-01
9.356113024874176398e-01
8.652346337417964328e-01
5.955460078088161691e-01
8.233140875810890380e-01
7.916148187307061601e-01
8.243916471427356063e-01
9.214254091554983095e-01
9.422209250135736847e-01
9.649026350028629961e-01
9.255632972428580185e-01
9.461846561210358608e-01
8.293872866124598620e-01
